P2
100 100
255
214 214 214 215 215 215 215 215 215 215 215 215 216 216 216 216 216 216 216 216 216 216 216 216 216 216 216 216 216 217 217 217 217 217 218 218 219 219 220 220 220 220 221 221 222 222 223 223 222 222 223 223 223 223 224 224 224 224 224 224 225 225 225 225 225 225 225 225 225 225 225 225 224 225 225 225 225 226 226 226 227 227 227 227 226 226 226 226 227 227 227 227 227 228 228 228 227 227 227 227 
214 214 215 215 215 215 215 216 215 215 215 216 216 216 216 216 216 216 216 216 216 216 216 216 216 216 216 216 217 217 217 217 217 217 217 218 218 219 219 220 220 220 220 221 221 222 222 223 222 222 223 223 223 223 224 224 224 224 224 224 225 225 225 225 225 225 225 225 225 225 225 225 224 225 225 225 225 225 226 226 227 227 227 226 226 226 226 226 226 226 227 227 227 227 228 228 227 227 227 227 
214 214 215 215 215 215 216 216 215 215 215 216 216 216 216 217 216 216 216 216 216 216 216 216 216 216 216 216 217 217 217 217 216 217 217 218 218 219 219 219 219 220 220 221 221 222 222 222 222 222 223 223 223 223 224 224 224 224 224 224 225 225 225 225 225 225 225 225 225 225 225 225 224 224 225 225 225 225 225 226 226 226 226 226 226 225 225 225 226 226 226 226 227 227 227 227 226 226 226 226 
214 214 215 215 215 215 216 216 215 215 215 216 216 216 216 216 215 215 215 215 215 215 215 215 216 216 216 216 217 217 217 217 216 216 216 217 218 218 218 219 219 219 219 220 221 221 221 222 222 222 222 222 223 223 223 223 223 223 224 224 224 224 225 225 224 224 224 224 224 224 224 224 224 224 224 224 225 225 225 225 226 225 225 225 225 225 224 224 225 225 225 226 226 226 226 226 226 226 226 226 
214 214 214 214 215 215 215 215 214 215 215 215 215 216 216 216 214 214 214 214 214 214 214 214 215 215 215 216 216 216 216 217 215 216 216 216 217 218 218 218 218 219 219 219 220 221 221 221 221 221 221 222 222 222 222 222 223 223 223 223 223 224 224 224 223 223 223 223 223 223 223 223 224 224 224 224 225 225 225 225 225 225 224 224 224 224 224 223 224 224 224 225 225 225 225 226 226 226 226 226 
213 213 213 213 214 214 214 214 214 214 214 214 214 215 215 215 214 214 214 214 214 214 214 214 214 214 215 215 215 215 216 216 215 215 215 216 216 217 217 218 218 218 218 219 219 220 220 221 220 220 220 220 221 221 221 221 221 222 222 222 222 222 223 223 223 223 223 223 223 223 223 223 223 224 224 224 224 224 225 225 224 224 224 223 223 223 223 223 223 223 224 224 224 224 225 225 226 226 226 226 
212 212 212 212 213 213 213 213 213 213 213 213 213 214 214 214 214 214 214 214 214 214 214 214 213 213 214 214 214 214 215 215 214 215 215 216 216 217 217 217 217 218 218 219 219 220 220 220 219 219 219 219 220 220 220 220 220 220 221 221 221 221 222 222 223 223 223 223 223 223 223 223 223 223 224 224 224 224 224 225 223 223 223 223 223 222 222 222 223 223 223 223 224 224 224 224 225 225 225 225 
211 211 212 212 212 212 213 213 212 212 212 213 213 213 213 213 213 213 213 213 213 213 213 213 213 213 213 213 214 214 214 214 214 214 215 215 216 216 217 217 217 217 218 218 219 219 220 220 218 218 218 219 219 219 219 219 220 220 220 220 220 221 221 221 222 222 222 222 222 222 222 222 223 223 223 224 224 224 224 225 223 223 223 223 222 222 222 222 222 223 223 223 223 224 224 224 225 225 225 225 
209 209 210 211 211 211 210 210 210 210 210 211 211 211 211 212 211 211 211 211 212 212 212 212 212 213 213 213 213 214 214 214 215 215 215 215 216 216 216 216 218 218 218 218 218 217 217 217 217 217 217 217 217 217 217 216 219 219 219 219 219 219 219 219 220 221 222 223 223 223 223 223 223 223 223 223 224 224 224 224 224 224 223 222 222 221 220 220 223 223 223 223 223 223 223 223 224 224 224 224 
209 209 210 210 211 211 210 210 210 210 210 211 211 211 211 211 211 211 211 211 212 212 212 212 212 212 213 213 213 213 214 214 214 215 215 215 215 216 216 216 217 217 217 217 217 217 217 217 218 217 217 217 217 217 217 217 219 219 219 219 219 219 219 219 219 219 220 222 222 223 223 223 223 223 223 223 223 223 223 223 223 223 223 222 221 221 220 220 222 222 222 222 223 223 223 223 224 224 224 224 
208 209 209 210 210 210 210 210 210 210 210 210 210 211 211 211 210 210 211 211 211 211 212 212 212 212 212 212 213 213 213 213 214 214 214 215 215 215 215 215 216 216 216 216 217 217 218 218 217 217 217 217 217 217 217 217 219 219 219 219 219 219 219 219 217 218 219 221 222 222 222 222 223 223 223 222 222 221 221 221 222 222 222 221 221 220 220 219 220 220 221 222 222 223 224 224 224 224 224 224 
208 208 209 210 210 210 209 209 209 209 209 210 210 210 210 210 210 210 210 210 211 211 211 211 211 211 212 212 212 212 213 213 214 214 214 214 214 215 215 215 214 214 215 216 216 217 217 218 217 217 217 217 217 217 218 218 218 218 218 218 218 218 218 218 217 218 219 221 222 222 223 223 223 222 222 221 220 220 219 219 221 221 220 220 220 219 219 219 219 219 220 221 222 223 223 224 223 223 223 223 
207 208 208 209 209 209 209 209 209 209 209 209 209 210 210 210 209 209 210 210 210 210 211 211 211 211 211 211 212 212 212 212 213 213 213 214 214 214 214 214 213 214 214 215 215 216 217 217 216 216 216 216 217 217 217 218 217 217 217 217 217 217 217 217 218 219 220 221 222 222 223 222 221 221 220 220 219 218 218 217 219 219 219 219 219 218 218 218 218 218 219 220 221 222 222 223 223 223 223 223 
207 207 208 208 209 209 208 208 208 208 208 209 209 209 209 209 209 209 209 209 210 210 210 210 210 210 211 211 211 211 212 212 213 213 213 213 213 214 214 214 213 213 214 214 215 215 215 215 214 215 215 215 216 217 217 217 217 217 217 217 217 217 217 217 218 219 220 221 221 221 221 221 219 219 219 218 218 217 217 217 218 218 218 218 218 218 218 218 218 218 219 219 220 221 221 221 221 221 221 221 
206 207 207 208 208 208 208 208 208 208 208 208 208 209 209 209 208 208 209 209 209 209 210 210 210 210 210 210 211 211 211 211 212 212 212 213 213 213 213 214 214 214 214 214 214 214 214 214 213 213 214 214 215 216 216 217 217 217 217 217 217 217 217 217 218 218 219 219 219 218 218 217 217 217 217 217 217 217 217 217 217 217 217 217 217 217 217 217 218 218 218 219 219 220 220 220 220 220 220 220 
206 207 207 208 208 208 208 207 207 208 208 208 208 209 209 209 208 208 208 209 209 209 209 210 210 210 210 210 211 211 211 211 212 212 212 212 213 213 213 213 214 214 214 213 213 213 213 213 212 213 213 214 215 215 216 216 216 216 216 216 216 216 216 216 217 217 217 217 217 216 215 215 216 216 216 216 217 217 217 217 216 216 216 216 217 217 217 217 218 218 219 219 219 219 219 219 220 220 220 220 
206 206 206 205 205 205 204 204 206 206 206 206 207 207 207 207 208 207 207 206 207 208 209 210 210 210 210 210 209 210 210 210 211 211 211 211 212 212 212 212 213 214 215 215 214 214 214 213 217 217 216 216 215 215 215 216 215 215 215 215 215 214 214 214 215 216 216 217 217 217 217 216 217 217 217 217 217 217 217 217 218 218 218 218 218 218 218 218 220 220 220 220 220 220 220 220 218 218 219 219 
202 201 201 201 200 200 199 199 203 204 204 204 204 204 205 205 204 204 203 203 204 205 206 207 209 208 209 209 209 210 210 211 210 210 211 211 211 211 212 212 211 211 213 214 213 214 214 214 214 214 215 214 214 215 215 215 215 215 215 215 215 214 214 214 214 215 216 216 216 216 216 216 216 216 217 217 217 217 217 217 216 216 216 217 217 217 217 217 217 217 217 217 217 217 217 217 217 217 217 218 
196 196 196 195 194 194 193 193 198 198 198 198 199 199 199 199 197 197 197 198 199 200 201 202 206 207 208 208 208 209 210 210 210 210 210 210 211 211 211 211 212 212 211 211 212 212 212 213 212 212 213 213 213 214 215 215 214 214 214 214 214 214 214 214 214 214 215 216 216 216 215 215 215 216 216 216 217 217 218 218 215 216 216 216 217 217 217 218 218 218 218 218 218 218 218 218 217 217 217 217 
195 195 194 193 192 192 191 191 196 196 196 196 197 197 197 197 194 194 195 196 197 199 200 200 204 204 204 204 205 207 207 207 209 209 209 209 209 210 210 210 213 213 212 211 211 211 210 210 212 212 212 212 214 214 215 215 213 213 213 214 214 214 214 214 215 216 217 217 217 217 217 217 215 215 216 216 217 217 218 218 215 216 216 217 217 218 218 218 219 219 219 219 219 219 219 219 217 217 216 216 
194 194 193 193 192 191 191 191 195 195 195 195 196 196 196 196 195 195 197 198 199 200 201 201 201 201 201 202 202 201 201 201 204 204 204 204 205 205 205 205 209 209 209 208 209 210 212 212 213 213 213 212 212 213 213 213 212 212 212 212 213 213 213 214 216 217 217 218 218 218 218 218 215 215 216 216 216 217 217 217 217 217 217 217 218 218 218 219 216 216 216 216 216 216 216 216 219 218 217 217 
194 194 193 193 193 193 193 193 195 195 195 195 195 196 196 196 195 196 197 199 200 200 200 200 199 199 200 200 199 198 198 199 202 202 202 202 203 203 203 203 205 204 204 205 207 209 213 214 212 212 213 212 211 211 210 210 211 211 211 212 212 213 213 214 216 217 217 218 218 218 218 217 217 217 217 217 217 217 217 217 216 216 216 216 216 216 215 215 215 215 215 215 215 215 215 215 215 215 213 213 
193 193 193 194 194 194 195 195 194 195 195 195 195 195 196 196 195 195 197 198 198 198 198 198 199 199 198 198 199 200 200 199 200 200 201 201 201 201 202 202 202 202 202 201 203 205 208 209 208 208 209 210 210 209 209 209 209 209 210 211 211 212 212 213 214 215 216 216 217 217 216 216 218 218 217 217 216 216 215 215 213 212 212 212 211 210 210 210 215 215 215 215 215 215 215 215 210 209 208 207 
190 191 191 192 192 193 193 194 194 194 194 195 195 195 195 195 193 194 195 196 197 196 196 195 198 198 199 198 199 201 201 202 200 200 200 201 201 201 201 201 203 203 201 200 200 201 202 203 205 205 206 207 208 208 208 209 208 208 209 210 210 211 212 212 213 213 214 215 215 215 215 214 219 219 218 217 216 215 215 214 211 210 210 209 208 207 206 206 209 209 209 209 209 209 209 209 207 206 204 203 
193 193 193 193 193 193 193 193 197 196 194 194 195 196 195 194 195 197 197 198 198 198 198 199 199 200 201 201 200 199 200 201 202 200 199 199 200 201 200 199 201 200 200 201 202 203 203 203 200 201 201 201 200 201 202 203 200 200 202 203 204 206 207 207 209 210 212 214 215 214 213 213 213 213 213 213 212 212 213 213 211 209 207 207 207 207 206 205 204 204 204 204 204 204 204 204 204 204 204 204 
193 193 193 193 193 193 193 193 189 190 192 195 196 196 195 194 192 192 193 194 195 197 198 199 200 201 201 199 197 197 198 199 200 199 198 198 199 200 200 199 203 202 201 200 200 199 199 199 201 201 200 199 199 201 202 202 202 203 203 204 205 206 207 207 209 210 212 214 214 214 213 213 213 213 213 212 212 212 213 213 211 209 207 206 207 207 206 205 204 204 204 204 204 204 204 204 204 204 204 204 
194 194 194 194 194 194 194 194 196 196 196 195 194 194 195 196 194 195 197 200 201 199 197 195 199 200 201 200 198 196 196 196 198 197 197 197 198 199 198 197 203 202 201 199 198 198 198 198 201 200 200 198 199 200 201 201 207 206 206 205 205 206 207 207 210 211 212 213 214 214 213 213 213 213 212 212 212 212 213 212 210 208 206 206 206 206 205 204 203 203 203 203 203 203 203 203 203 203 203 203 
193 193 193 193 193 193 193 193 194 194 194 195 195 196 198 200 199 197 194 194 196 198 200 202 196 198 200 200 199 197 197 197 200 200 200 201 201 201 200 200 200 200 200 199 198 198 200 202 200 199 198 198 199 200 201 201 210 209 208 207 207 207 207 208 210 211 212 213 213 213 212 212 212 212 212 212 211 211 212 212 209 207 206 205 205 205 204 203 203 203 203 203 203 203 203 203 203 203 203 203 
193 193 193 193 193 193 193 193 190 191 193 195 196 196 195 194 195 195 199 201 203 201 197 193 195 195 194 193 194 197 201 205 197 198 199 199 199 198 198 197 199 200 201 200 199 199 201 203 199 199 198 200 200 201 202 203 211 211 210 208 207 207 207 207 210 211 211 212 212 212 211 211 211 211 211 210 210 210 211 211 208 207 205 204 204 204 204 203 203 203 203 203 203 203 203 203 202 202 202 202 
192 192 192 192 192 192 192 192 195 193 192 193 196 198 199 199 198 196 193 190 186 178 167 160 151 150 150 153 160 173 188 197 196 198 200 201 201 200 200 201 199 201 202 201 198 197 198 200 198 199 200 201 202 203 204 204 212 211 209 208 207 207 207 207 210 210 210 210 210 210 210 210 210 210 209 209 209 209 209 209 208 206 204 203 204 204 203 202 203 203 203 203 203 203 203 203 202 202 202 202 
191 191 191 191 191 191 191 191 191 190 189 192 197 198 196 193 181 172 159 151 146 144 144 143 155 153 149 147 148 154 163 170 185 188 192 194 195 196 197 198 194 197 200 200 198 196 196 198 199 200 200 202 203 205 206 207 211 209 208 207 207 207 208 208 210 209 209 209 209 209 209 209 208 208 208 208 207 207 208 208 207 205 203 203 203 203 202 201 202 202 202 202 202 202 202 202 203 203 203 203 
190 190 190 190 190 190 190 190 191 192 196 199 197 184 164 149 140 139 138 142 148 153 155 155 152 152 151 148 147 147 149 152 152 156 161 165 167 168 171 173 188 192 197 198 197 196 197 199 199 200 201 202 205 206 208 209 209 209 208 207 206 207 207 208 209 209 208 208 208 208 208 208 208 207 207 207 207 206 207 207 207 205 203 202 203 203 202 201 202 202 202 202 202 202 202 202 203 203 203 203 
191 193 192 189 189 192 192 190 200 193 184 176 161 147 137 133 140 143 139 140 150 153 153 157 157 148 148 148 140 142 153 154 153 153 154 151 150 146 146 149 154 165 180 193 198 199 200 201 197 198 200 202 205 205 207 207 209 208 206 205 205 206 208 209 207 207 208 208 208 208 207 207 207 208 208 209 208 208 206 205 202 201 201 201 201 202 202 203 203 202 202 202 202 202 202 203 202 202 202 202 
193 194 193 190 191 195 196 195 173 163 152 142 137 135 140 144 133 136 137 140 146 148 147 147 151 151 148 147 144 141 144 155 153 156 157 153 151 150 151 152 151 156 164 173 181 190 199 205 198 202 205 206 207 205 205 205 206 205 205 205 205 205 205 205 207 207 208 208 209 208 208 208 205 205 206 207 206 206 205 204 203 202 202 201 201 202 202 202 203 202 202 201 201 202 202 203 203 203 203 203 
151 151 150 148 149 153 156 156 140 138 138 141 143 140 135 134 133 132 135 140 145 150 148 140 141 149 150 151 152 139 135 147 153 159 162 157 155 158 159 159 158 159 162 167 174 182 190 194 188 193 200 204 207 206 207 208 204 205 205 206 206 206 205 205 204 204 205 206 206 206 206 206 206 206 207 208 209 208 207 207 204 204 203 202 202 202 202 202 203 202 202 201 201 202 202 203 203 203 203 203 
127 127 126 125 126 129 131 132 136 136 140 144 147 145 139 134 139 134 136 143 149 158 158 145 144 148 149 154 154 143 139 147 151 160 166 164 163 167 170 169 164 167 172 180 187 191 192 192 179 184 192 196 199 202 203 205 200 201 202 203 204 205 206 207 202 202 203 204 205 205 205 205 207 207 208 209 209 208 207 206 205 205 204 203 202 202 202 202 202 202 201 201 201 201 202 202 203 203 203 203 
130 130 131 132 133 133 133 133 138 137 137 138 142 143 141 138 140 137 144 150 153 161 166 163 151 146 149 154 151 150 150 149 150 159 168 172 175 180 183 183 184 185 188 193 197 198 195 194 188 190 190 191 190 191 193 195 195 195 195 197 199 202 205 207 203 204 205 206 206 206 206 205 206 206 207 206 206 205 204 204 205 205 204 203 202 202 202 202 202 202 201 201 201 201 202 202 203 203 203 203 
129 129 130 133 133 132 131 132 137 139 140 142 142 142 139 134 135 140 153 161 157 154 164 176 165 164 176 181 179 180 178 165 158 164 172 180 187 192 195 198 206 202 198 194 194 196 196 196 197 195 191 189 188 188 190 191 189 189 190 191 194 198 202 204 206 206 207 207 207 207 206 206 207 207 208 207 207 206 206 206 204 204 203 202 202 202 202 202 202 201 201 200 200 201 201 202 202 202 202 202 
133 132 133 137 138 136 136 139 143 144 142 139 139 140 139 135 136 146 161 172 167 153 156 173 182 198 212 215 214 214 209 198 181 178 181 189 193 194 196 200 203 200 196 193 193 197 199 201 195 192 188 187 189 191 192 192 187 188 189 190 193 196 198 200 205 205 205 205 204 203 202 202 203 203 204 204 204 205 206 206 203 202 202 201 201 202 202 202 202 201 201 200 200 201 201 202 201 201 201 201 
130 128 128 132 134 134 135 139 135 140 141 139 140 141 139 137 143 149 162 178 179 159 151 166 182 206 216 210 212 214 212 211 203 194 191 195 196 192 192 197 199 199 198 198 198 196 193 192 194 189 185 185 188 191 191 190 189 190 192 194 196 197 198 199 200 200 200 199 198 197 196 195 191 191 193 194 194 197 198 199 202 201 201 201 201 202 202 203 201 201 201 200 200 201 201 201 201 201 201 201 
131 129 134 134 132 134 140 138 140 139 142 146 142 139 139 143 163 171 177 175 172 168 176 196 192 201 210 212 208 210 214 217 213 207 198 193 193 194 193 191 197 199 202 203 202 197 191 187 190 187 184 184 187 189 189 187 188 189 190 191 192 194 196 197 199 196 194 193 196 198 196 194 195 192 188 185 183 183 184 184 183 184 184 183 182 183 186 189 197 198 200 202 203 203 202 202 196 194 195 198 
133 132 134 135 130 134 140 141 137 135 136 143 147 150 153 158 175 180 180 179 183 190 193 197 196 202 208 207 202 203 204 203 207 203 198 194 193 192 191 190 195 197 200 200 198 194 190 188 190 187 184 185 188 190 189 188 188 189 190 191 193 194 196 197 197 195 194 194 197 199 197 194 194 191 186 182 181 181 182 183 183 183 182 180 178 178 179 181 176 181 188 193 192 187 180 174 165 164 166 169 
136 133 134 134 131 136 142 144 143 139 137 142 153 163 173 178 181 183 185 186 195 207 205 191 195 198 200 199 197 199 198 195 197 197 197 194 191 189 188 189 193 195 197 196 193 190 189 188 189 187 185 186 188 190 189 188 188 188 189 191 193 194 195 196 194 193 193 195 199 200 198 194 193 189 185 180 179 179 180 181 184 184 182 179 175 173 172 173 168 170 172 173 171 167 163 159 160 159 161 165 
137 132 135 136 136 138 145 145 135 141 153 168 178 184 184 181 181 173 165 160 166 185 196 188 187 189 191 194 197 202 201 197 190 192 194 192 188 185 187 189 191 193 194 193 189 187 188 190 188 187 186 187 189 189 188 187 187 188 189 191 192 194 195 195 192 192 192 194 197 197 197 196 193 189 184 180 178 178 180 181 185 184 182 179 175 172 170 169 176 173 169 164 162 162 163 164 166 164 165 168 
137 132 134 140 140 141 144 146 150 160 169 175 175 173 168 164 158 148 140 135 134 149 171 181 184 186 189 193 197 203 202 198 186 188 190 188 184 183 186 189 189 191 191 189 186 185 187 190 185 185 186 187 188 188 187 185 185 186 188 190 192 193 193 193 192 191 190 190 192 193 195 197 192 188 184 180 179 180 181 183 185 184 182 181 178 175 172 170 174 173 170 167 165 164 163 163 166 163 163 165 
140 133 136 141 142 140 144 144 159 160 157 150 143 139 141 142 135 131 132 133 130 135 153 172 183 186 189 192 194 198 196 191 185 186 185 184 183 183 186 188 186 187 187 185 183 183 185 188 182 183 185 186 187 186 185 183 183 185 187 189 191 192 192 192 192 191 188 187 188 190 192 194 190 187 184 181 181 181 182 183 184 184 183 183 182 179 176 173 172 171 170 169 167 165 164 163 166 163 163 165 
147 137 137 143 140 138 141 143 132 136 136 134 133 133 131 128 136 133 130 129 129 131 147 167 174 180 186 189 189 191 190 187 185 184 182 182 184 185 186 185 183 183 181 180 180 180 182 184 179 181 184 185 185 184 182 181 182 183 186 188 190 190 190 190 191 190 188 186 186 186 188 189 186 184 183 182 182 182 183 183 185 185 185 186 186 183 179 176 173 171 169 167 165 164 164 164 164 163 164 167 
152 141 138 141 138 137 139 142 136 136 134 133 134 137 134 128 129 133 130 128 131 130 134 148 162 170 180 185 185 188 188 187 185 183 181 182 186 187 185 183 181 179 178 177 177 179 180 181 178 180 183 185 184 183 181 180 181 182 185 188 189 190 189 189 189 189 188 186 184 184 184 185 184 182 182 181 182 182 182 182 185 185 185 186 187 185 180 176 173 173 174 173 171 168 165 163 165 165 168 172 
140 133 132 133 133 140 148 148 139 138 137 135 134 133 131 130 129 129 132 133 131 129 133 140 160 166 166 170 186 195 194 192 187 184 178 176 177 179 181 180 177 175 173 174 176 178 178 177 182 180 179 180 181 181 180 179 181 182 185 187 189 189 189 188 189 189 186 183 178 178 178 180 176 177 179 181 183 185 187 187 188 187 186 185 184 182 179 176 174 174 174 172 169 168 170 171 168 168 170 174 
136 131 132 135 134 139 145 143 136 135 133 132 131 132 132 132 133 133 134 136 133 131 134 140 153 166 173 175 181 185 191 197 190 181 173 173 178 178 176 174 174 174 173 173 174 175 176 176 180 179 178 179 181 182 182 181 182 183 185 187 188 187 187 186 186 186 185 183 178 177 177 177 178 179 181 183 185 186 187 188 189 188 186 185 183 181 179 177 175 175 174 172 169 169 171 173 171 171 173 176 
131 129 132 137 135 138 141 137 133 132 131 130 130 131 133 135 134 134 134 134 132 130 132 135 141 157 171 175 175 177 183 193 191 178 169 170 177 176 173 170 172 172 172 172 172 173 174 175 178 177 177 179 181 182 182 182 182 183 185 186 186 185 184 184 183 184 184 182 178 176 175 175 181 182 183 185 186 186 187 187 187 188 187 185 182 180 178 178 176 175 174 173 171 171 173 174 173 172 174 178 
130 128 133 138 135 136 138 134 130 131 131 130 130 131 132 134 131 131 130 130 128 126 126 127 130 142 155 165 171 173 177 180 188 182 172 170 173 176 174 168 170 171 173 172 171 172 173 175 177 176 176 178 180 181 181 181 181 182 183 184 184 184 183 183 183 183 183 181 177 176 176 176 182 182 184 185 185 185 185 184 184 186 187 186 182 179 178 177 175 175 176 175 175 174 174 175 172 171 174 177 
131 130 134 138 134 134 137 133 129 131 132 132 131 130 130 131 130 129 128 127 126 126 124 122 125 131 143 154 162 169 174 177 186 189 184 173 170 174 173 168 170 171 173 173 172 172 173 175 177 176 176 177 178 179 179 178 179 179 180 181 182 182 183 183 183 183 182 180 176 177 178 179 180 181 182 183 183 183 181 181 180 183 186 186 183 179 177 176 174 175 177 178 179 178 176 175 174 173 176 179 
132 131 134 137 132 132 135 133 128 131 134 134 131 129 128 129 130 130 129 127 128 129 127 123 129 131 139 147 151 159 171 180 184 191 191 180 172 172 170 166 169 170 172 172 172 172 173 173 175 175 174 175 177 178 177 176 176 177 177 178 179 180 180 181 183 182 181 179 176 177 178 180 178 180 181 183 183 182 180 179 178 180 182 184 182 180 178 176 175 176 178 180 181 181 178 176 178 177 180 183 
131 130 134 135 129 129 133 130 129 132 135 134 131 130 130 132 130 130 129 128 130 133 130 124 129 131 141 148 146 149 162 171 175 181 187 187 180 171 168 168 168 168 169 170 172 172 171 170 172 172 172 173 175 177 177 176 177 177 177 177 177 178 178 178 180 180 180 178 175 176 177 179 178 179 181 183 183 182 180 179 177 177 178 179 180 180 179 178 177 177 177 179 181 182 181 180 180 179 181 185 
130 129 133 134 128 127 130 128 129 132 134 133 131 130 132 134 128 128 127 126 130 133 130 124 127 128 141 150 146 146 151 154 166 167 179 190 188 174 167 172 167 167 167 169 171 171 170 168 170 169 170 172 175 177 177 177 178 178 177 177 176 176 176 176 176 178 179 178 175 175 175 176 179 181 183 185 185 184 182 181 178 176 175 176 178 180 180 180 180 178 177 178 180 182 183 182 178 177 179 183 
128 131 134 132 128 125 125 126 135 137 137 132 124 120 122 125 131 130 130 130 131 130 127 125 125 138 135 137 141 140 146 146 152 154 167 179 178 178 172 162 169 169 169 167 167 168 168 169 170 170 170 171 172 174 177 178 178 179 179 178 177 177 179 181 182 181 180 180 178 177 176 176 177 178 181 183 184 184 183 182 180 179 177 175 175 178 180 181 177 177 178 179 180 180 180 180 181 182 183 184 
129 131 132 130 127 126 128 131 127 132 136 136 131 127 125 126 133 133 133 133 132 129 125 122 126 138 135 136 140 139 144 144 140 140 151 164 170 173 172 165 165 167 168 169 168 168 166 166 169 169 169 170 171 173 175 177 179 179 179 179 178 178 179 180 180 180 180 179 178 177 176 176 174 176 178 180 180 180 179 178 178 178 176 175 175 175 178 178 178 177 178 178 178 179 180 180 181 181 182 183 
129 130 129 128 126 127 131 134 141 144 147 148 145 140 136 135 135 136 138 137 134 129 125 123 128 138 136 136 139 138 141 142 141 136 137 141 148 159 166 168 162 164 166 166 167 167 168 170 168 168 168 168 170 172 174 175 178 178 178 178 179 179 178 177 178 178 179 178 178 177 176 176 174 175 177 178 178 178 177 176 175 175 175 175 176 176 176 175 179 178 178 177 177 178 179 180 181 181 181 182 
128 128 127 126 125 126 129 132 142 141 140 139 137 136 135 134 136 138 139 139 136 132 130 129 133 141 141 137 139 138 138 140 148 142 136 133 133 140 150 155 169 169 167 164 162 163 166 170 167 167 167 167 168 170 172 173 175 174 174 175 176 176 174 172 176 176 177 178 178 177 176 175 177 177 178 178 178 178 178 177 174 174 175 176 177 177 177 177 179 179 179 179 179 179 179 179 181 181 181 181 
126 126 126 125 124 124 125 126 127 126 124 124 125 127 129 130 132 133 135 134 133 132 133 134 136 143 143 138 138 138 135 138 138 141 140 137 133 131 133 136 161 163 167 167 166 163 163 163 167 167 166 167 168 169 171 172 171 170 170 171 173 173 171 169 172 174 175 177 177 177 176 175 177 177 177 177 177 177 177 178 174 175 178 180 180 180 180 179 180 180 181 181 180 179 178 178 181 180 179 179 
124 125 125 124 123 122 122 122 123 123 123 124 124 125 124 124 125 126 126 126 126 127 129 130 133 139 141 135 135 136 132 136 131 136 136 133 131 129 128 133 135 144 155 166 172 170 166 163 168 167 167 167 168 169 171 172 170 169 169 170 170 170 169 169 170 171 174 176 177 177 176 175 175 175 174 174 174 175 176 177 176 177 179 182 183 182 182 182 180 180 180 180 179 178 177 176 179 178 176 175 
125 124 124 123 123 122 122 121 122 123 123 123 122 120 119 119 123 123 123 123 124 124 124 124 125 129 135 128 130 133 128 134 137 137 131 128 133 134 132 135 122 127 138 150 162 167 168 166 169 168 168 168 168 170 171 172 169 169 169 169 168 168 169 170 168 170 172 175 177 177 176 175 176 175 174 173 174 176 178 180 180 180 181 182 183 183 181 181 181 180 177 175 174 174 175 176 175 173 171 169 
125 124 123 123 123 123 124 123 122 122 123 122 122 123 125 127 126 125 125 125 126 125 122 120 117 122 128 122 125 131 125 133 144 141 131 133 143 142 135 131 134 130 128 133 144 154 162 164 170 169 168 168 169 170 172 173 169 170 170 169 167 167 169 171 166 169 172 175 177 177 176 175 178 177 176 176 177 179 182 183 184 183 182 182 182 181 181 180 182 179 175 171 170 171 173 175 172 170 168 166 
122 123 124 125 122 121 121 121 122 121 119 118 117 119 124 129 133 123 118 121 134 135 126 136 137 142 144 141 140 142 141 137 144 142 147 156 156 146 140 141 135 134 132 133 135 142 154 161 165 168 168 165 166 171 172 171 169 167 167 170 170 167 170 174 171 170 171 175 176 172 171 173 179 178 177 178 180 182 183 184 185 183 182 181 181 181 181 181 180 176 173 173 172 169 169 172 169 168 166 164 
126 124 121 119 120 123 123 123 117 123 125 121 118 120 122 121 122 118 132 149 161 164 159 161 156 155 157 160 161 158 152 148 158 156 160 166 166 159 153 153 143 144 145 145 144 145 148 152 166 169 169 168 170 173 175 173 170 168 168 170 169 165 165 169 178 174 173 176 177 177 178 181 176 177 180 183 184 185 185 184 183 182 181 181 180 181 181 182 184 178 176 177 175 169 167 172 170 169 168 168 
128 124 120 119 123 125 125 123 114 121 122 117 116 121 121 115 111 113 141 161 161 156 143 134 125 122 127 139 147 144 140 138 149 148 150 155 160 162 164 164 158 158 159 159 155 152 150 148 161 163 164 164 166 169 169 168 168 163 156 150 141 132 130 131 149 152 162 173 179 177 172 169 176 178 181 183 184 183 182 181 182 182 181 180 180 180 181 181 178 172 171 174 173 167 166 169 171 167 167 171 
123 124 124 126 127 125 125 125 128 126 120 118 125 137 144 144 139 139 155 157 145 132 116 111 115 110 109 115 123 131 138 144 141 140 138 137 140 145 147 147 146 146 144 143 139 137 136 136 138 139 141 142 143 144 144 143 134 130 126 122 119 119 124 128 126 129 136 149 163 173 180 183 175 177 179 180 181 181 181 182 181 182 182 181 179 178 179 179 180 176 172 170 170 172 172 171 169 163 163 168 
122 127 130 130 127 125 127 129 131 129 131 139 146 153 163 172 137 135 131 118 110 103 96 107 101 106 110 110 112 119 125 127 127 127 126 124 125 126 125 122 124 123 123 122 122 123 124 124 125 125 126 128 128 127 127 127 126 126 125 122 122 125 129 132 127 125 124 127 137 150 161 167 176 179 182 183 182 180 179 179 181 182 183 181 178 176 176 177 172 175 172 168 171 178 175 164 125 118 116 120 
127 129 129 127 123 123 128 132 115 126 145 156 144 119 102 100 83 85 81 70 72 73 71 85 76 89 99 102 104 110 114 113 115 116 121 126 126 122 119 117 118 118 119 122 124 125 124 124 122 121 122 124 124 123 122 124 123 128 131 131 130 131 130 128 130 132 134 133 133 134 133 131 156 163 172 179 182 183 184 184 180 181 183 181 178 175 175 176 173 177 177 174 173 169 149 124 104 99 96 98 
128 127 125 124 123 124 126 127 132 124 110 94 74 58 54 58 59 60 66 64 64 66 62 67 62 64 66 68 72 81 91 97 105 107 114 121 121 116 115 119 120 119 118 120 121 121 122 120 115 113 113 117 118 117 118 121 124 129 133 133 132 131 128 124 132 137 139 136 134 135 136 135 128 135 146 156 163 170 177 182 176 179 181 180 177 175 176 178 186 176 162 154 148 135 111 89 100 99 97 97 
127 125 122 123 127 127 123 117 82 74 64 58 59 62 62 60 65 59 67 66 59 63 62 58 65 61 61 66 67 64 63 66 70 71 79 92 98 100 109 121 127 123 118 117 117 117 118 118 120 117 118 122 124 124 126 130 128 133 135 135 134 137 138 136 133 139 141 136 131 130 130 129 134 135 136 134 134 136 143 148 173 177 180 180 178 176 177 180 167 137 107 96 97 97 95 93 93 94 94 93 
114 111 118 123 119 108 89 66 69 66 62 61 65 70 68 62 60 63 64 61 59 61 62 60 63 60 61 63 63 61 62 66 68 68 68 66 64 65 69 72 86 78 82 82 92 101 94 93 113 102 99 110 122 128 130 134 131 133 147 136 134 146 138 141 160 152 135 122 120 114 107 106 103 107 106 100 99 104 104 100 97 154 179 156 152 181 184 156 110 106 100 97 92 89 92 96 99 92 91 94 
91 90 96 96 84 73 73 72 63 66 65 61 59 60 60 59 57 60 61 59 59 62 64 63 61 61 65 68 67 63 64 67 68 69 69 67 65 66 69 72 71 66 68 64 67 72 69 73 75 68 66 75 88 102 116 128 139 139 149 136 134 146 143 150 143 135 116 101 96 91 87 88 95 96 90 81 79 85 88 85 77 109 126 123 135 153 139 104 101 101 104 106 102 94 90 91 95 93 96 101 
83 75 74 74 66 58 66 77 58 65 67 59 51 52 59 65 58 62 63 61 62 66 69 70 61 65 71 76 75 73 74 78 68 70 70 68 66 65 68 71 74 73 76 71 67 66 64 69 70 69 68 67 68 71 76 82 85 85 92 83 84 98 98 105 94 93 86 81 82 80 78 80 78 78 74 66 66 73 78 77 70 74 75 75 83 93 90 80 87 91 98 104 102 95 91 92 92 94 98 102 
65 63 68 74 70 61 58 61 63 68 67 57 48 50 60 69 60 65 64 61 63 66 67 69 56 61 66 67 65 64 67 72 66 68 69 68 65 64 66 68 73 76 81 80 75 71 68 69 65 69 72 72 70 69 68 67 66 67 72 65 64 71 68 71 70 72 73 74 76 75 73 73 69 71 71 69 70 74 75 73 75 71 70 70 69 68 71 77 72 77 83 88 87 87 91 97 99 99 101 103 
63 68 71 69 66 64 65 69 68 70 67 59 53 55 60 64 60 66 63 57 59 59 58 60 57 60 61 58 53 54 58 62 63 64 65 65 64 63 63 64 66 69 72 76 76 73 71 69 71 70 68 66 66 68 68 66 68 69 73 67 66 68 65 65 73 72 71 70 68 69 71 71 71 73 74 73 72 73 71 68 76 71 69 74 76 72 69 68 68 68 70 73 74 77 86 95 100 100 101 105 
69 69 61 56 62 68 70 72 56 58 59 58 59 62 61 57 55 63 58 52 54 52 47 50 52 55 56 53 52 55 60 63 60 60 61 62 64 64 62 60 67 69 68 73 77 77 80 78 70 66 63 65 68 69 69 68 66 67 68 69 70 73 74 75 69 67 69 70 68 70 72 70 68 69 69 68 68 69 69 68 66 63 62 64 67 68 67 67 70 69 70 70 69 71 78 87 88 86 92 100 
55 55 52 58 70 67 54 48 47 49 49 51 55 59 57 51 48 57 53 47 50 47 41 44 42 48 51 52 53 57 60 61 59 58 57 61 65 66 62 58 61 65 64 69 72 72 79 76 76 72 71 74 73 68 65 65 70 69 68 67 66 65 66 65 68 66 70 72 69 69 69 64 64 64 64 65 65 67 68 69 61 64 68 69 68 67 69 70 72 70 70 70 69 69 73 78 74 70 77 90 
59 59 60 67 68 56 49 54 53 51 47 44 46 49 47 43 46 57 53 48 53 50 43 46 51 57 62 62 63 64 62 58 60 57 57 61 67 69 64 59 55 63 63 69 69 65 72 70 78 74 74 76 73 66 65 71 68 69 69 72 73 70 69 67 69 64 65 66 64 70 74 72 67 67 68 69 68 66 64 63 71 67 64 64 65 67 69 71 71 68 68 69 68 67 71 75 73 66 72 86 
68 69 58 54 51 51 56 49 48 43 43 49 53 51 48 48 59 57 53 51 49 45 45 50 47 54 62 55 53 60 58 59 56 58 59 58 61 65 64 61 62 65 68 70 70 69 70 71 70 73 76 77 79 79 79 80 68 67 68 70 68 66 69 75 75 70 67 67 65 63 65 69 68 67 66 68 66 62 62 65 67 66 66 67 68 69 69 69 72 69 68 68 70 71 68 66 69 71 73 75 
58 58 51 51 50 46 47 43 45 45 48 55 59 58 54 51 46 49 55 56 50 47 52 59 53 53 57 52 55 62 56 54 58 60 60 59 61 63 62 59 60 62 65 67 67 67 68 70 72 75 77 78 79 79 79 80 77 73 72 73 73 69 68 70 71 69 68 69 66 62 60 61 65 63 64 66 64 61 61 63 65 67 69 71 70 68 66 64 67 69 71 72 70 69 68 69 68 69 71 72 
50 49 46 55 55 45 45 44 55 54 53 52 55 57 56 52 45 50 64 67 53 47 55 59 56 51 53 51 54 59 53 52 55 57 58 59 62 65 65 63 59 61 63 64 64 65 67 68 71 73 75 75 75 76 77 78 79 74 72 74 75 72 68 65 67 67 69 72 72 67 60 57 66 64 65 68 68 65 64 64 69 70 70 68 65 64 65 67 67 72 78 77 72 68 69 71 67 68 69 69 
55 55 50 54 52 43 44 41 56 56 54 49 50 53 52 48 48 51 68 74 56 49 54 53 50 48 53 51 50 52 49 55 55 55 56 59 62 64 64 63 60 61 61 62 62 63 64 65 65 67 69 70 70 70 73 74 72 71 72 74 75 73 69 67 69 67 69 76 83 81 72 63 70 68 69 71 73 71 69 68 69 70 70 67 63 62 65 68 68 73 79 79 75 71 70 71 67 67 67 66 
58 61 54 51 47 43 46 40 45 51 54 54 55 56 52 45 47 47 63 72 60 55 57 51 45 44 51 50 49 51 49 56 61 59 59 60 60 59 58 57 62 61 61 61 61 61 61 61 62 64 65 67 67 69 72 74 68 72 76 76 75 73 73 72 74 69 67 74 86 89 80 68 67 69 70 69 69 70 68 66 62 67 72 73 70 66 64 64 64 66 70 73 75 74 72 70 67 67 66 66 
57 63 57 53 52 55 63 59 53 56 59 59 59 58 54 50 57 54 64 73 68 63 60 53 44 43 49 49 52 57 53 54 59 57 57 59 60 58 57 57 62 61 61 61 62 62 61 60 63 64 66 67 68 70 74 76 72 77 81 79 76 75 76 76 78 72 67 70 80 85 78 68 61 65 67 65 62 63 63 62 65 67 70 70 69 67 67 68 59 58 60 64 71 74 72 70 69 68 68 68 
56 61 59 64 65 66 75 75 72 70 68 68 66 63 63 64 68 66 69 74 71 64 57 52 42 46 55 52 53 60 56 56 55 52 53 57 60 59 58 60 59 59 59 60 62 63 61 59 62 64 66 67 67 69 73 75 77 79 80 77 76 78 79 77 77 75 71 69 72 77 75 71 63 69 71 67 62 63 64 65 72 70 67 65 64 67 70 73 64 62 61 63 68 71 71 70 70 70 70 70 
62 63 63 69 68 63 67 69 74 73 75 79 79 74 73 75 63 64 64 66 64 56 49 48 39 50 64 57 53 58 58 60 57 54 53 57 59 56 55 57 57 57 58 61 64 64 63 61 61 63 65 65 64 66 69 72 76 76 73 71 74 80 80 76 75 78 77 71 69 73 76 77 71 77 79 74 69 68 71 72 72 70 68 67 67 68 69 70 73 71 69 68 68 69 70 70 71 72 72 72 
65 69 75 80 76 68 64 65 64 76 86 85 79 74 72 70 70 75 74 66 59 57 54 51 54 55 55 54 53 54 57 60 52 52 51 51 51 53 54 55 58 58 59 59 59 59 60 60 63 63 64 64 65 66 68 69 70 72 74 72 70 70 73 77 79 79 82 82 76 69 70 76 75 76 75 75 74 72 70 69 70 72 74 74 73 70 67 66 75 76 70 67 71 70 67 70 72 70 71 73 
60 61 66 72 72 68 71 78 64 74 83 83 79 78 78 78 68 68 67 64 58 54 54 57 55 55 55 53 52 53 55 58 55 55 53 52 52 52 53 54 58 58 58 59 59 59 60 60 61 64 66 66 64 64 68 71 68 71 73 74 73 73 74 76 74 77 82 84 81 76 73 74 70 69 70 70 70 70 71 70 76 73 70 72 76 77 74 70 67 70 69 69 74 73 68 69 73 71 71 73 
64 62 65 72 74 74 83 96 60 67 75 74 73 73 75 76 63 59 58 59 56 52 55 62 59 59 58 57 55 55 57 58 56 55 54 53 53 54 55 56 58 58 58 59 59 60 60 60 59 64 68 66 62 62 67 72 66 69 73 75 77 77 76 76 74 76 77 76 77 79 79 77 70 70 69 69 68 70 72 73 80 76 73 75 79 82 83 81 73 75 74 74 78 76 72 71 73 71 70 72 
70 65 65 69 68 65 73 86 59 64 68 66 63 65 67 66 57 55 55 56 55 53 57 62 61 60 59 58 56 56 56 56 54 54 53 54 55 57 58 60 58 58 59 59 60 61 61 62 61 64 66 66 64 64 67 71 66 68 71 75 77 78 78 77 76 77 74 71 73 79 79 76 78 76 76 75 74 74 75 75 79 80 81 80 79 81 86 89 90 87 81 77 77 77 76 76 74 72 71 73 
63 59 61 68 70 68 74 84 67 68 67 62 60 60 57 53 51 54 56 54 54 57 58 57 60 59 57 56 54 53 53 52 54 54 53 54 54 56 58 59 58 58 59 60 61 61 62 62 64 63 63 64 66 67 68 68 68 68 70 72 75 77 78 79 76 79 79 78 79 81 77 71 80 79 81 81 82 79 78 76 76 78 79 78 77 77 81 84 90 85 79 75 73 75 78 78 78 76 76 78 
57 57 61 69 74 76 80 84 69 66 62 54 51 50 48 42 48 54 57 54 55 59 59 55 63 61 59 58 58 57 55 53 57 56 54 53 52 52 53 54 56 56 57 58 59 60 61 61 65 62 61 62 66 69 68 66 69 69 69 70 71 73 76 78 81 83 83 82 82 82 80 78 75 76 79 81 83 82 80 79 77 75 74 74 76 76 76 75 77 73 72 72 71 74 77 75 80 78 78 81 
66 66 65 65 67 68 66 63 66 63 54 47 46 46 44 41 49 52 54 56 58 59 59 57 62 60 59 58 58 57 55 53 56 55 53 51 50 50 50 51 53 53 54 55 56 57 58 59 64 63 63 64 66 67 68 68 68 69 70 69 68 70 73 76 80 81 82 82 80 79 82 87 75 77 78 80 82 82 80 79 80 79 77 77 78 78 78 78 78 74 75 76 73 75 77 73 75 74 75 79 
72 72 68 66 69 73 70 64 69 64 54 46 46 51 50 48 52 50 52 58 61 59 59 62 54 52 51 50 51 50 47 45 53 52 51 50 49 50 51 51 50 50 51 52 54 55 56 56 61 63 65 65 64 65 67 70 67 69 71 70 67 67 71 74 69 72 80 86 83 78 79 85 79 80 80 80 79 80 78 78 82 85 86 83 79 79 83 88 93 86 84 82 76 76 78 73 68 67 69 73 
66 68 68 68 68 66 58 51 58 60 65 67 62 50 42 39 56 57 57 56 55 53 52 52 53 51 49 49 49 49 49 48 50 52 52 52 51 50 51 52 54 53 52 53 55 56 57 56 61 62 62 63 63 64 64 65 68 69 70 70 71 71 71 71 71 74 76 75 77 80 81 79 74 77 79 79 77 77 79 81 83 83 83 83 83 84 85 85 93 86 80 78 77 77 77 77 73 78 80 79 
66 70 71 66 60 56 52 49 43 44 52 63 68 62 53 46 57 59 61 58 55 54 56 61 55 54 52 51 52 53 52 51 51 52 53 52 51 51 52 53 54 53 52 53 55 57 57 57 57 59 62 65 65 65 63 62 67 68 69 70 70 70 70 70 71 74 75 75 77 80 81 80 77 79 79 78 76 75 74 74 84 83 82 81 81 81 81 81 84 83 82 81 81 81 79 78 79 81 81 82 
66 69 67 60 53 50 48 46 48 45 47 54 62 62 61 61 55 53 51 47 46 47 50 53 50 49 47 47 48 49 49 48 51 52 53 53 52 51 52 53 55 54 53 54 56 57 58 57 56 58 60 62 64 64 63 63 62 62 63 64 65 65 65 65 72 74 75 74 76 79 82 81 81 80 79 79 79 77 74 70 80 80 79 79 78 79 79 80 84 87 89 85 85 88 87 83 78 77 76 78 
68 65 59 53 51 52 48 43 53 55 59 64 63 58 56 57 63 54 44 41 45 49 47 45 52 51 50 50 51 52 52 52 52 53 54 53 52 52 52 54 55 54 53 54 56 58 58 58 59 58 57 58 59 62 65 66 66 66 67 68 69 69 69 68 73 75 75 73 75 79 82 81 84 82 80 82 84 83 78 72 75 75 75 76 77 79 80 81 82 87 86 78 76 82 83 80 84 80 77 81 
